#	vsize	num_keys	elapsed_time
16384	52429	1.53148
16384	104857	3.08375
16384	157285	4.65391
16384	209713	6.24038
16384	262141	7.83243
16384	314569	9.43171
16384	366997	11.0345
16384	419425	12.6586
16384	471853	14.2903
16384	524281	15.9172
16384	576709	17.5529
16384	629137	19.1855
16384	681565	20.8469
16384	733993	22.5013
16384	786421	24.1483
16384	838849	25.9545
16384	891277	27.9552
16384	943705	30.0582
16384	996133	32.1811
16384	1048561	34.3612
16384	1100989	36.8922
16384	1153417	39.4089
16384	1205845	42.0302
16384	1258273	44.7016
16384	1310701	47.3512
16384	1363129	49.9881
16384	1415557	52.6608
16384	1467985	55.2364
16384	1520413	57.7372
16384	1572841	60.2945
16384	1625269	62.9433
16384	1677697	65.4006
16384	1730125	67.895
16384	1782553	70.4522
16384	1834981	72.9008
16384	1887409	75.3359
16384	1939837	77.6039
16384	1992265	79.8891
16384	2044693	82.1382
16384	2097121	84.4391
Error unlinking file ... proceeding
