#	vsize	num_keys	elapsed_time
2048	419431	8.38408
2048	838861	17.1806
2048	1258291	26.1119
2048	1677721	35.176
2048	2097151	44.3327
2048	2516581	53.5726
2048	2936011	62.3752
2048	3355441	71.3869
2048	3774871	80.5206
2048	4194301	89.7094
2048	4613731	99.0288
2048	5033161	108.367
2048	5452591	121.183
2048	5872021	130.065
2048	6291451	138.833
2048	6710881	147.968
2048	7130311	157.192
2048	7549741	166.434
2048	7969171	175.778
2048	8388601	184.318
2048	8808031	193.177
2048	9227461	202.368
2048	9646891	211.56
2048	10066321	220.772
2048	10485751	230.177
2048	10905181	244.89
2048	11324611	257.917
2048	11744041	267.05
2048	12163471	276.231
2048	12582901	285.451
2048	13002331	294.846
2048	13421761	303.775
2048	13841191	312.487
2048	14260621	321.531
2048	14680051	330.53
2048	15099481	339.74
2048	15518911	349.086
2048	15938341	359.536
2048	16357771	370.812
2048	16777201	379.716
Error unlinking file ... proceeding
