#	vsize	num_keys	elapsed_time
8192	104858	2.50195
8192	209715	5.07065
8192	314572	7.67735
8192	419429	10.3266
8192	524286	13.0059
8192	629143	15.6846
8192	734000	18.3891
8192	838857	21.1031
8192	943714	23.8482
8192	1048571	26.5861
8192	1153428	29.3484
8192	1258285	32.0947
8192	1363142	34.8697
8192	1467999	37.6776
8192	1572856	40.4742
8192	1677713	43.2822
8192	1782570	46.0975
8192	1887427	48.9166
8192	1992284	51.734
8192	2097141	54.5597
8192	2201998	57.3995
8192	2306855	60.2464
8192	2411712	63.4369
8192	2516569	66.824
8192	2621426	70.1886
8192	2726283	73.4409
8192	2831140	76.685
8192	2935997	79.9967
8192	3040854	83.3659
8192	3145711	86.8139
8192	3250568	90.3185
8192	3355425	93.7236
8192	3460282	97.0709
8192	3565139	100.368
8192	3669996	103.782
8192	3774853	107.131
8192	3879710	110.418
8192	3984567	113.648
8192	4089424	116.903
8192	4194281	120.205
Error unlinking file ... proceeding
