#	vsize	num_keys	elapsed_time
1024	838861	16.3433
1024	1677721	33.5237
1024	2516581	51.137
1024	3355441	67.7545
1024	4194301	84.9992
1024	5033161	102.484
1024	5872021	123.035
1024	6710881	140.455
1024	7549741	158.175
1024	8388601	175.075
1024	9227461	192.084
1024	10066321	209.661
1024	10905181	232.8
1024	11744041	253.85
1024	12582901	271.268
1024	13421761	288.534
1024	14260621	305.425
1024	15099481	322.683
1024	15938341	341.289
1024	16777201	360.449
1024	17616061	377.944
1024	18454921	395.714
1024	19293781	412.277
1024	20132641	429.435
1024	20971501	447.018
1024	21810361	474.277
1024	22649221	500.463
1024	23488081	518.09
1024	24326941	534.882
1024	25165801	551.766
1024	26004661	569.355
1024	26843521	590.286
1024	27682381	607.148
1024	28521241	624.575
1024	29360101	641.836
1024	30198961	658.63
1024	31037821	676.036
1024	31876681	695.653
1024	32715541	728.298
1024	33554401	756.872
Error unlinking file ... proceeding
