#	vsize	num_keys	elapsed_time
4096	209716	4.37379
4096	419431	8.91721
4096	629146	13.567
4096	838861	18.2713
4096	1048576	23.0052
4096	1258291	27.7668
4096	1468006	32.544
4096	1677721	37.4028
4096	1887436	42.2824
4096	2097151	47.1925
4096	2306866	52.1424
4096	2516581	57.0872
4096	2726296	61.8357
4096	2936011	66.3395
4096	3145726	70.9637
4096	3355441	75.666
4096	3565156	80.4072
4096	3774871	85.2128
4096	3984586	90.0711
4096	4194301	94.9664
4096	4404016	99.8748
4096	4613731	104.809
4096	4823446	109.763
4096	5033161	114.718
4096	5242876	119.703
4096	5452591	127.956
4096	5662306	132.682
4096	5872021	137.371
4096	6081736	142.13
4096	6291451	146.94
4096	6501166	151.822
4096	6710881	156.76
4096	6920596	161.729
4096	7130311	166.696
4096	7340026	171.703
4096	7549741	176.711
4096	7759456	181.744
4096	7969171	186.731
4096	8178886	191.215
4096	8388601	195.862
Error unlinking file ... proceeding
