#	vsize	num_keys	elapsed_time
512	1677722	32.0265
512	3355443	64.5903
512	5033164	97.6153
512	6710885	134.035
512	8388606	167.018
512	10066327	199.753
512	11744048	242.37
512	13421769	275.284
512	15099490	307.897
512	16777211	344.264
512	18454932	377.532
512	20132653	409.628
512	21810374	454.289
512	23488095	494.542
512	25165816	526.702
512	26843537	563.6
512	28521258	596.193
512	30198979	628.625
512	31876700	664.184
512	33554421	723.93
512	35232142	756.634
512	36909863	789.91
512	38587584	825.694
512	40265305	858.499
512	41943026	891.393
512	43620747	949.231
512	45298468	984.181
512	46976189	1016.57
512	48653910	1053.16
512	50331631	1086.8
512	52009352	1118.75
512	53687073	1165.3
512	55364794	1216.13
512	57042515	1248.32
512	58720236	1285.08
512	60397957	1317.8
512	62075678	1350.3
512	63753399	1387.28
512	65431120	1450.67
512	67108841	1483.06
Error unlinking file ... proceeding
