#	vsize	num_keys	elapsed_time
2048	419431	10.175
2048	838861	20.7551
2048	1258291	31.5176
2048	1677721	42.439
2048	2097151	53.5392
2048	2516581	64.8174
2048	2936011	75.5219
2048	3355441	86.3123
2048	3774871	97.3137
2048	4194301	108.486
2048	4613731	119.757
2048	5033161	131.076
2048	5452591	145.498
2048	5872021	156.322
2048	6291451	167.277
2048	6710881	178.443
2048	7130311	189.526
2048	7549741	200.581
2048	7969171	211.737
2048	8388601	222.107
2048	8808031	232.981
2048	9227461	244.022
2048	9646891	255.149
2048	10066321	266.335
2048	10485751	277.6
2048	10905181	293.61
2048	11324611	308.06
2048	11744041	319.038
2048	12163471	330.096
2048	12582901	341.258
2048	13002331	352.438
2048	13421761	363.299
2048	13841191	373.942
2048	14260621	385.724
2048	14680051	397.901
2048	15099481	410.186
2048	15518911	422.665
2048	15938341	437.087
2048	16357771	450.528
2048	16777201	462.683
