#	vsize	num_keys	elapsed_time
4096	209716	5.98292
4096	419431	12.1927
4096	629146	18.4981
4096	838861	24.8816
4096	1048576	31.3327
4096	1258291	37.8387
4096	1468006	44.3595
4096	1677721	50.9881
4096	1887436	57.6763
4096	2097151	64.4006
4096	2306866	71.6254
4096	2516581	78.9885
4096	2726296	86.1507
4096	2936011	93.1453
4096	3145726	100.295
4096	3355441	107.635
4096	3565156	114.918
4096	3774871	122.21
4096	3984586	129.567
4096	4194301	136.991
4096	4404016	144.888
4096	4613731	152.502
4096	4823446	160.263
4096	5033161	168.204
4096	5242876	176.053
4096	5452591	188.101
4096	5662306	196.539
4096	5872021	204.83
4096	6081736	213.356
4096	6291451	222.082
4096	6501166	230.811
4096	6710881	239.602
4096	6920596	248.167
4096	7130311	256.426
4096	7340026	265.557
4096	7549741	274.702
4096	7759456	283.854
4096	7969171	292.987
4096	8178886	301.659
4096	8388601	310.483
