#	vsize	num_keys	elapsed_time
512	1677722	39.1195
512	3355443	79.1539
512	5033164	119.32
512	6710885	162.489
512	8388606	202.521
512	10066327	242.389
512	11744048	292.304
512	13421769	332.064
512	15099490	371.833
512	16777211	415.099
512	18454932	455.846
512	20132653	495.124
512	21810374	546.884
512	23488095	593.932
512	25165816	632.782
512	26843537	677.243
512	28521258	716.978
512	30198979	756.657
512	31876700	799.274
512	33554421	866.549
512	35232142	906.387
512	36909863	946.674
512	38587584	990.328
512	40265305	1030.08
512	41943026	1070.42
512	43620747	1134.11
512	45298468	1177.9
512	46976189	1217.41
512	48653910	1260.82
512	50331631	1301.42
512	52009352	1340.28
512	53687073	1393.07
512	55364794	1450.97
512	57042515	1490.89
512	58720236	1534.91
512	60397957	1574.95
512	62075678	1614.74
512	63753399	1658.84
512	65431120	1730
512	67108841	1769.81
