#	vsize	num_keys	elapsed_time
8192	104858	3.47604
8192	209715	7.05299
8192	314572	10.667
8192	419429	14.3392
8192	524286	18.0226
8192	629143	21.7018
8192	734000	25.5193
8192	838857	30.4592
8192	943714	35.9895
8192	1048571	41.1413
8192	1153428	46.2996
8192	1258285	51.4162
8192	1363142	56.665
8192	1467999	61.786
8192	1572856	66.9067
8192	1677713	71.9872
8192	1782570	77.0279
8192	1887427	82.3646
8192	1992284	88.1219
8192	2097141	94.4607
8192	2201998	100.908
8192	2306855	107.331
8192	2411712	113.639
8192	2516569	119.75
8192	2621426	126.108
8192	2726283	132.41
8192	2831140	138.74
8192	2935997	145.228
8192	3040854	151.698
8192	3145711	158.719
8192	3250568	166.116
8192	3355425	173.747
8192	3460282	181.444
8192	3565139	188.898
8192	3669996	196.18
8192	3774853	203.208
8192	3879710	209.457
8192	3984567	215.374
8192	4089424	221.247
8192	4194281	227.288
