#	vsize	num_keys	elapsed_time
1024	838861	19.8765
1024	1677721	40.7088
1024	2516581	61.8594
1024	3355441	82.1859
1024	4194301	103.143
1024	5033161	124.519
1024	5872021	148.955
1024	6710881	169.904
1024	7549741	191.177
1024	8388601	211.885
1024	9227461	232.745
1024	10066321	254.12
1024	10905181	280.647
1024	11744041	305.138
1024	12582901	326.28
1024	13421761	347.331
1024	14260621	367.86
1024	15099481	389.089
1024	15938341	411.418
1024	16777201	434.322
1024	17616061	455.3
1024	18454921	476.671
1024	19293781	496.954
1024	20132641	517.795
1024	20971501	539.268
1024	21810361	570.234
1024	22649221	598.063
1024	23488081	619.339
1024	24326941	639.71
1024	25165801	660.382
1024	26004661	681.608
1024	26843521	706.086
1024	27682381	726.775
1024	28521241	747.923
1024	29360101	768.855
1024	30198961	789.179
1024	31037821	810.182
1024	31876681	833.402
1024	32715541	869.036
1024	33554401	900.602
