#	vsize	num_keys	elapsed_time
16384	52429	2.1906
16384	104857	4.39662
16384	157285	6.62586
16384	209713	8.88663
16384	262141	11.1626
16384	314569	13.4385
16384	366997	16.609
16384	419425	20.7222
16384	471853	24.8455
16384	524281	28.9215
16384	576709	32.8691
16384	629137	36.8209
16384	681565	40.7376
16384	733993	44.636
16384	786421	48.5276
16384	838849	52.3868
16384	891277	56.2464
16384	943705	60.1439
16384	996133	63.9819
16384	1048561	67.8205
16384	1100989	71.6595
16384	1153417	76.1005
16384	1205845	80.7304
16384	1258273	85.5515
16384	1310701	90.5273
16384	1363129	95.3552
16384	1415557	100.05
16384	1467985	104.164
16384	1520413	108.292
16384	1572841	112.312
16384	1625269	116.237
16384	1677697	120.12
16384	1730125	123.949
16384	1782553	128.115
16384	1834981	132.348
16384	1887409	136.684
16384	1939837	141.116
16384	1992265	145.514
16384	2044693	149.909
16384	2097121	154.283
